opt = 21654.79332331
P1 = 0.0
P2 = 0.0
P3 = 0.0
P4 = 0.0
P5 = 0.0
P6 = 0.0
P7 = 0.0
P8 = 0.0
P9 = 0.0
P10 = 10.1211
P11 = 0.0
P12 = 0.0
P13 = 4.82887
P14 = 0.0
P15 = 0.0
P16 = 0.0
P17 = 0.0
P18 = 0.0
P19 = 0.0
P20 = 0.0
P21 = 0.0
P22 = 22.7733
P23 = 0.824531
P24 = 0.0
P25 = 0.0
P26 = 0.0
P27 = 14.6569
P28 = 0.0
P29 = 12.2746
P30 = 0.0
